RESULT:
[2025-05-17 14:23:27 UTC] xrun -Q -unbuffered '-timescale' '1ns/1ns' '-sysv' '-access' '+rw' design.sv testbench.sv  
TOOL:	xrun	23.09-s001: Started on May 17, 2025 at 10:23:28 EDT
xrun: 23.09-s001: (c) Copyright 1995-2023 Cadence Design Systems, Inc.
	Top level design units:
		fir_r2l_dynamic_efficient_tb
Loading snapshot worklib.fir_r2l_dynamic_efficient_tb:sv .................... Done
xcelium> source /xcelium23.09/tools/xcelium/files/xmsimrc
xcelium> run
Time	clk	rst	x_in		h_mask		y_out
0	0	1	00000000	000000000000	     0
5000	1	1	00000000	000000000000	     0
10000	0	1	00000000	000000000000	     0
12000	0	0	10101010	001010101010	     0
15000	1	0	10101010	001010101010	    54
20000	0	0	10101010	001010101010	    54
25000	1	0	10101010	001010101010	    54
30000	0	0	10101010	001010101010	    54
35000	1	0	10101010	001010101010	    54
40000	0	0	10101010	001010101010	    54
45000	1	0	10101010	001010101010	    54
50000	0	0	10101010	001010101010	    54
52000	0	0	00001111	001010101010	    54
55000	1	0	00001111	001010101010	     3
60000	0	0	00001111	001010101010	     3
65000	1	0	00001111	001010101010	     3
70000	0	0	00001111	001010101010	     3
75000	1	0	00001111	001010101010	     3
80000	0	0	00001111	001010101010	     3
85000	1	0	00001111	001010101010	     3
90000	0	0	00001111	001010101010	     3
92000	0	0	11110000	001010101010	     3
95000	1	0	11110000	001010101010	    78
100000	0	0	11110000	001010101010	    78
105000	1	0	11110000	001010101010	    78
110000	0	0	11110000	001010101010	    78
115000	1	0	11110000	001010101010	    78
120000	0	0	11110000	001010101010	    78
125000	1	0	11110000	001010101010	    78
130000	0	0	11110000	001010101010	    78
Simulation complete via $finish(1) at time 132 NS + 0
./testbench.sv:63         $finish;
xcelium> exit
TOOL:	xrun	23.09-s001: Exiting on May 17, 2025 at 10:23:29 EDT  (total: 00:00:01)
Done
